77442
71181
49755
38798
89857
96168
68503
52053
27070
78107
18422
34555
52260
35963
92308
25352
87921
21112
40251
66316
10872
78694
80223
69732
38939
34636
10066
21755
59907
40042
10479
92724
49261
14450
20138
49196
78226
55352
73181
88373
55224
78343
50215
93394
12421
30218
60899
53443
78769
34837
57703
84563
95968
18237
88136
75094
14017
18973
45202
67888
58743
65978
27877
23703
63594
19101
49192
78677
74303
56874
90161
39443
59419
16790
23505
70298
64391
62270
12823
83131
29372
21121
22012
42673
81026
96443
30527
88227
43550
83170
97480
57306
12562
70051
23409
98618
55824
26417
47973
88458
78792
49946
80977
64506
51584
74305
29886
66682
25165
58380
69518
13253
47096
30095
53753
18402
96146
78431
58498
48373
84718
60072
82045
11287
37090
38432
13148
29704
45645
68457
66349
72212
16845
49997
56793
27128
92355
76013
20620
23056
82567
13147
70591
68310
36484
97410
31951
65334
14656
91768
56457
57141
18561
75233
73250
14002
42157
34516
55035
13086
43301
38864
95169
73367
53500
81688
93934
54841
66614
52867
92062
74176
75046
64084
17516
58314
30184
82359
83956
87246
66231
42526
96228
70702
72108
62377
72553
57600
16563
35342
29419
22242
81264
27706
11777
96931
27765
65779
82921
87744
85543
56196
34774
93073
37699
45701
60801
66024
38321
32244
95866
91365
96047
60690
40819
19229
56978
84539
50724
90639
70374
83465
67309
56678
91876
11246
66054
40614
56899
65744
80749
74619
60988
84866
45318
14541
79263
48847
73082
79835
62446
62036
13498
18172
35258
60068
43622
23059
61060
45296
31310
69945
89043
44661
32843
83953
44774
47310
96064
79098
11333
31875
92000
60969
37597
97194
90624
15881
29211
19865
37093
85746
88886
94576
59784
98263
47612
27380
33552
72012
18549
23250
43410
55986
62202
86252
76363
39103
94626
11792
62872
66617
76923
54667
80651
24898
78913
86226
41730
62228
20570
48070
89609
21233
67520
69207
80773
98652
77753
61668
49504
90868
50836
34661
36590
29788
36309
45305
77866
26091
73725
89578
62919
18631
65733
63976
57363
63193
93512
22455
12710
80568
82907
70300
65593
66452
81168
81230
15461
99354
97780
11597
86142
22929
72577
87562
15882
18782
21443
97662
26467
12181
99202
92349
20986
85821
70172
54212
42712
90995
62165
70665
23358
82477
71987
95504
40799
35361
10730
43173
28181
23939
38685
36349
38913
36681
34231
84150
53592
90048
56334
92955
26500
11840
23430
79148
60469
15750
51639
66378
33011
74383
13342
43984
78415
37553
86775
34408
53067
83096
59779
92173
93789
34804
86853
19023
24014
88189
96897
71969
57758
84236
39543
45629
46405
88155
39913
58055
67449
97296
11979
97896
16406
33210
22366
14047
62524
85153
35374
76324
50715
30446
75098
60654
92593
37954
67845
18665
46953
22488
76756
52973
88681
67431
58093
61522
19692
55686
75663
75619
83139
96583
76437
19832
32727
64900
99403
20217
68879
55020
22732
70441
35671
87206
15719
70843
80802
60385
68163
51564
14231
10468
58531
89365
65598
30226
13423
43242
45581
55879
28959
67482
21358
40107
56957
68981
45865
83968
36082
51895
97489
13164
43619
80054
43543
21603
29392
79097
91813
27744
66902
84610
63644
63408
71224
48293
57365
13590
34822
90168
88698
59044
64826
46286
49565
89303
57427
84546
68856
44748
18252
32823
36238
34436
25905
11310
71865
31257
82139
66945
23390
95805
53931
46434
75144
88419
99702
38898
83475
57700
42255
68559
48622
48063
36896
61761
45534
84197
10741
57029
61058
16955
95154
20941
76420
57350
37339
11022
11086
64945
95125
70646
70553
52129
35583
52407
21537
49682
20290
66261
90484
25358
59209
21520
46692
83918
68641
93012
10186
84383
33576
42089
76287
63821
17944
57972
51596
22418
68055
19554
59117
17210
61968
22768
22419
33546
34755
17956
19543
85916
66761
30911
12158
91771
87708
70837
27584
67642
62273
16352
41901
25732
75816
25681
86396
44190
58070
44532
47227
36638
15632
72120
32764
51180
49739
66274
61723
59015
21891
18747
86144
39681
38150
61321
38754
70627
91724
91330
38159
78498
24641
12550
70711
17338
56076
21353
61551
42398
80835
69604
76284
73817
35170
52139
40826
85479
56430
67747
25739
17558
89499
78373
95268
33958
12195
63380
60034
80467
98506
58067
75075
43692
17039
97439
79297
68473
47630
61662
86027
62403
24100
87270
35793
91493
55623
82673
15863
57779
45405
93780
99320
40036
33370
82692
78117
68580
57478
15588
73700
81481
49442
61061
37624
90983
60057
80319
99544
14572
35131
90273
19621
88549
90170
35057
34283
24485
41063
47154
87986
36053
20687
66575
81371
91665
51369
19220
45158
61595
79096
72662
10875
99736
85897
83776
40755
80969
53053
58468
68895
10193
51578
59446
98969
15913
95191
27476
94851
47345
35791
56194
71120
42599
33848
68814
25584
85338
77668
82555
44609
73386
30553
35913
70145
99873
32644
15974
70045
37614
70738
96972
71948
18962
22983
50419
92422
29173
17365
76649
72431
46431
25817
83620
83434
25031
31968
31604
94886
88754
14709
40906
89846
29736
62109
41649
13672
58161
63752
22495
55699
69083
20079
34505
70644
18606
90720
33445
66398
22680
27166
94319
19586
51374
28183
49601
45765
57265
77954
81735
17145
62809
38935
26249
86870
49988
57756
69866
38276
65159
88269
18994
89894
19078
13692
34577
93672
66156
52761
71038
59876
95962
33277
22237
42882
42825
44396
89726
16770
44209
98471
63754
52305
21085
84268
23150
60140
96903
94329
26226
74515
68426
36722
91076
10149
49208
64396
35021
10780
86680
65532
35181
85405
91632
75023
37042
53779
37585
23603
88436
69158
70402
44083
82394
27746
19624
97957
30896
78374
66971
96748
47956
84663
89157
12228
42362
93195
75162
45009
39320
67273
65163
18734
73297
91431
14963
71185
42321
64599
53334
20187
83616
66914
81279
99419
79294
28220
80676
24797
35108
65643
36523
33040
81868
53306
47740
37843
98695
51321
95514
26419
20382
18337
24862
96800
88316
93747
89689
86418
37119
98276
37447
41319
43040
44573
93294
37495
33107
54548
54445
88038
66613
64729
81937
86560
90763
10930
52132
93840
14381
23038
12809
28706
35811
64368
14652
24290
35618
76669
65052
27533
37756
28054
56969
83129
81613
75625
17846
77897
93086
73969
87726
88858
65550
60065
91526
15647
40208
45614
56409
14733
50641
60500
66336
52887
72997
44985
79421
36332
69182
59092
29363