88154
76363
69158
22488
49242
60034
43760
29173
63754
13305
95805
59209
83075
65961
56524
19586
76287
20450
20187
47227
77651
67481
15216
81168
38777
24551
49751
21498
37042
20430
30302
56653
18139
41684
54577
76287
77472
47752
76363
44539
13454
39913
26340
81365
17637
22488
27070
63193
76287
64955
90260
61551
61321
59051
22597
61551
58846
79651
81168
36454
65364
66336
47227
90563
76363
52928
16770
33277
76324
47227
64736
58067
76363
61551
93360
20187
61321
61551
57714
23208
81168
63648
74365
20187
63754
74839
16770
80574
81327
87067
59239
33168
19586
69573
59209
36335
77218
29173
28702
23040
26612
81708
82477
76324
19586
17617
13430
81168
48749
53467
61551
54169
90256
92342
74679
68884
54906
82348
30348
28719
49196
54268
81168
73806
34498
59686
69158
68950
76324
60034
78117
54196
53315
16770
64874
43619
71300
43778
81868
37042
61327
79444
58074
63193
52913
78373
44983
30896
59209
61551
27850
42263
31760
81868
95805
12467
47227
26033
81168
73119
41775
65779
31728
69158
63193
63754
95142
30896
76324
34526
65386
79531
76363
28284
91401
14259
48803
33277
16770
96540
34404
87428
96903
63193
20187
59209
10468
56860
57459
33277
27070
37042
45944
18763
17623
30714
80535
66518
19432
43619
40341
81132
97741
61787
62712
81380
76363
25646
50162
10468
29173
37520
11889
63193
47227
63551
27070
43393
59209
67420
28146
27150
61321
42545
78117
81868
83337
69158
37042
20551
37042
10468
76287
60034
49196
60910
35253
58067
24937
48742
39600
62719
71733
81168
59209
38731
33109
12770
43807
76363
72036
10468
62946
96601
10468
61321
43897
48153
35936
27177
76324
27736
60034
96903
73631
20187
70413
59845
22488
95805
27070
17347
46767
81868
19770
75790
62157
91120
16758
80611
85133
70963
85770
33277
20187
81868
81168
67989
14656
43619
29173
16770
37042
22488
76324
98262
43619
39913
29173
39913
14090
61321
73535
69158
27006
66474
76363
82728
65779
40001
65779
87612
27501
98114
31091
95805
46751
33147
89262
95805
75617
71004
78373
61551
91526
31808
54799
35481
11640
32469
33277
61321
31518
76363
58067
68846
19586
95805
78373
27070
16770
36795
60034
58067
16770
11734
17423
78117
53759
66320
10468
60034
76363
72225
25419
58067
92060
59209
76324
90226
20187
81168
63754
84396
23192
51191
41278
95805
51728
61551
33277
35592
60717
88861
47227
54470
80208
32348
31390
13692
66336
73054
20187
75286
42085
63193
19586
66336
16201
76287
19586
18079
71848
27950
45783
58067
68642
60406
58239
30991
47641
31090
84819
35005
98556
69269
78373
76324
80598
16770
60034
19912
74542
61518
23011
56357
69880
19586
33277
41994
74945
11294
47227
16770
19586
99638
35305
11167
52130
97224
66545
95805
54539
14555
10468
23752
49196
95058
20187
13898
95805
20187
61321
37042
59209
58067
22314
78373
88193
70326
34779
66996
13367
35599
43276
37042
70388
83512
39957
39913
61321
48560
30896
77391
65627
68981
77969
54937
27874
60034
59293
69158
33277
96591
49196
67781
29173
87650
39913
81168
84631
78373
13041
60034
66336
42504
67267
32642
29173
92287
19909
23658
32643
68277
10468
54219
81168
91391
76324
43619
41779
27070
23335
68981
33277
47227
48719
33277
59209
71625
88553
71011
60877
85678
52138
29173
76287
75928
99211
59209
70479
91526
56724
69158
83377
49196
29173
41046
76324
47714
33277
81168
19586
95805
41705
10648
63193
53110
59209
37042
16770
69158
30896
60034
58465
38881
23509
40976
60540
78300
76363
76324
29173
43072
10654
57933
33049
33630
39913
97536
27070
78373
20187
76287
76287
32158
45488
24598
47227
44764
31261
29173
88778
49196
41896
13692
78373
68295
63414
19586
99070
59209
61321
55986
38193
81168
61321
95805
76287
29173
14656
65375
34453
44020
92236
83847
58136
31634
59209
34705
93059
50479
32771
29981
60034
67717
78373
61551
19018
61551
29173
81298
29212
63754
12643
56820
19742
83582
35357
44159
76363
47309
47227
78117
14656
78739
43619
19586
85648
61551
58938
69158
68516
10468
30896
83718
74971
29173
73587
78373
61551
83211
83416
65779
39000
27070
85619
85167
63559
71196
81168
65125
23254
95805
81168
46622
33363
31755
13587
39762
93764
73981
46534
28798
66209
76287
27070
76324
95805
99459
60524
26965
37042
76324
29173
35985
17932
58771
39235
81835
54006
47227
39913
19398
19898
78117
91070
66587
49196
61551
65779
47227
83360
90756
19586
64705
69158
64663
39913
78593
28165
20187
78760
30919
61171
60632
63754
32678
83311
78373
19897
43398
60034
61321
61551
16250
95805
45332
16770
29173
60034
30896
95805
78117
51581
59209
39913
98095
75715
59209
44090
16480
65779
52163
19553
76363
76363
76324
30896
19586
42226
27070
73952
88063
69158
27070
58067
56070
59209
62759
31064
76860
20187
60034
51942
71636
99601
35041
16770
61321
29173
76363
95805
19236
24024
19406
47227
14925
66336
69158
76363
63193
27070
60034
18415
94253
35447
65307
40771
45281
42605
61152
76363
24195
42631
71439
72284
27196
25431
27070
44931
78373
76363
82052
35541
31191
55104
47227
81868
14656
36929
27070
33277
80975
65841
14656
76324
47227
43619
27070
62041
52608
59545
60267
51736
29173
77288
27070
10232
52565
53430
78373
42850
91893
60034
85817
95805
78373
78117
47227
88633
27070
58448
76324
39465
33277
75778
95805
23131
85623
13436
76435
27070
27070
19594
78373
65779
15242
40691
30896
55759
35037
33277
60228
62491
10468
75565
36931
63754
57490
76287
59209
82403
56685
93619
76363
30896
54460
35338
83328
10723
63754
72435
63193
19586
39913
90041
83914
68981
94227
65227
14656
16770
45804
71000
28091
26479
16770
49196
30896
80516
82477
65947
53557
51572
89269
61551
49305
41190
30289
74713
82175
13090
46180
16770
48403
67069
34468
57178
10468
20187
20187
37042
31121
76363
61551
25016
35246
66828
57465
46127
23412
90826
15732
22642
87173
38561
61551
35706
64457
76324
42585
57680
78955
40607
78373
13271
98421
61657
56593
41419
40781
69158
85174
99697
16770
62282
80876
88090
65779
18816
14656
49196
79218
80489
37042
96903
46862
59209
69134
53283
47227
16770
55002
95805
61879
65779
63193
84394
60034
78373
59374
27070
16770
78373
70557
20442
30896
96869
16313
78373
37042
61551
59209
20187
60034
81345
48982
73493
83354
30643
39913
80280
39913
61551
34868
36878
95805
67571
98020